1649
1718
8683
7692
595
3845
794
5531
6751
1582
9374
9844
7387
5830
7473
6176
1808
4006
4252
7999
5614
8355
3309
3158
9867
1461
7207
3753
5196
8470
4883
3813
972
9241
5157
490
4713
9172
2633
6292
8398
9099
8876
9430
3675
8282
8471
1874
2065
6543
5878
3798
8265
1970
6616
1094
3908
3410
9822
6465
7117
3726
6566
4579
619
9164
8065
9896
5587
6761
3392
5608
6986
3838
1198
4723
1879
715
6103
393
6375
5763
6102
6566
362
19
5179
4361
7131
3712
1180
5648
4030
8636
2066
594
1921
2885
9732
9304
7156
9098
3202
8985
4005
4315
536
576
7397
5868
8594
7484
1910
1893
6750
9796
8198
5161
4620
3797
3365
2881
8211
5977
689
453
7373
3974
3395
7894
6147
9536
3618
6219
3235
4988
5574
3829
7501
7586
8983
7377
8557
5869
5220
5354
9651
4835
2383
6569
3823
2956
5621
4378
9463
3553
1836
7788
3403
6530
2613
9092
2671
5107
6896
3358
4903
6628
5167
1458
6898
5788
9043
8399
7693
1633
5794
935
6280
9255
8842
9318
8662
3027
2912
9935
9134
1210
7057
1509
5790
4730
3274
6756
2271
9957
3650
3146
3699
8838
1860
7237
7243
626
6075
8537
3605
5852
6823
734
19
9924
124
1252
8711
2973
3481
4580
2810
6761
8166
9445
4060
4
9686
7960
3605
1626
8236
6048
3274
8566
234
1473
7116
1816
6645
772
2186
2609
8724
276
822
4622
743
8888
7797
7807
4261
1165
1904
9891
3101
2943
4568
1490
2926
1141
1382
9350
5074
7382
8752
9319
4965
6363
6904
3538
7876
4931
9279
8485
6224
685
2374
9433
5809
4437
7413
7501
391
9182
6148
91
4108
760
4582
617
6166
8575
7526
8030
7912
4208
4874
9150
2488
8344
1028
8468
8395
1162
9928
1132
8204
3213
6247
90
8140
7408
5865
4970
2852
1323
8426
549
2566
8579
8379
956
8977
6585
8377
7876
3090
5265
7019
5791
2760
3434
3668
4083
7104
5358
3129
7689
6511
3351
2189
852
9486
8956
279
6587
6031
5143
373
6725
3374
325
9882
3296
7971
841
9874
3454
4164
1741
7879
765
7272
7910
7804
8209
518
3762
1462
7569
7531
6481
8123
2874
362
9181
3394
7988
7181
8008
9498
3583
4362
1457
4615
6121
4786
5042
8775
3119
4179
9065
658
1469
2572
6688
8576
3204
6864
7643
7172
8727
6500
8510
870
9170
9395
6232
4159
2536
7570
7136
9645
3864
6061
5947
8198
1434
2975
2679
1850
5019
1185
8840
1697
3171
5450
4892
1843
2207
4292
6204
4886
3840
9871
9809
1042
1760
351
1873
3121
5900
4577
101
5810
2306
4619
7944
4156
9384
496
5838
6656
4438
467
3566
2199
4514
2803
1982
2474
9302
9477
8745
7265
6320
1344
5216
4195
6
6897
1690
1612
7875
9134
9609
1356
5507
2504
8875
4620
8359
4745
9081
3804
2293
9069
5024
3032
2815
9534
2585
6889
1886
2103
4119
2567
7051
8794
3549
8860
6553
1404
1769
196
7619
2350
9681
4177
1246
9511
6537
347
2122
1293
125
1748
3898
675
5569
5113
7454
988
4355
2756
585
1630
4842
2574
3796
9329
3197
1651
9038
3254
2706
3742
590
6533
6929
659
6279
5214
2453
8219
8646
4369
3023
4954
3611
7386
8502
28
7650
852
9007
5518
8557
1694
3092
538
4032
3354
52
3962
8456
3058
5496
6701
1736
8102
3229
7655
9010
7248
6499
8882
6111
7385
8129
6355
8795
900
2290
9896
96
2647
7680
8429
7517
443
7723
6781
8562
1481
8678
2917
6011
9092
3951
7589
4855
1253
6329
4144
627
7265
3576
7395
4120
2376
5400
3186
4126
3302
8330
158
8267
1148
2059
7779
2205
4041
1395
7037
5039
7617
7719
6618
3099
6000
748
8267
4540
2696
9017
7252
2063
5557
6599
4019
1270
8674
7304
9805
3464
1845
7152
2692
8889
229
9941
5972
1585
5036
4943
8429
9435
3015
6651
8219
5996
2058
9058
6193
7150
7952
7169
7957
7529
9696
2357
9780
6989
5084
3172
8486
5709
9683
4651
6188
8187
9686
2912
1686
1181
376
1059
3729
7417
1214
2310
3374
8275
7894
1589
6765
2463
8739
4596
9272
5764
3606
1109
8524
3376
3865
466
7202
4578
9670
140
5085
7192
9316
2945
7051
4037
2529
7092
8542
4750
6523
2172
9333
8866
2696
6842
1459
2468
4741
3000
3297
1510
3483
3515
3871
372
8350
8421
8085
5066
8688
8218
4952
9522
3971
3932
1801
8222
8235
2437
2423
1934
8929
6464
9988
4207
2004
5605
7813
8273
9033
5199
9795
7266
4020
6716
3471
4572
7775
3072
6515
7480
4103
1638
899
4574
3862
2949
1730
4715
8730
2474
1856
3405
7957
3512
7169
8733
2990
200
7929
8601
8036
7119
4
8237
659
571
2642
3261
5743
9257
6303
5458
8045
6918
2433
495
2321
2943
3306
1967
2066
5208
9054
5566
7546
134
4350
2160
1194
1018
6226
8177
9578
3866
5606
6489
4861
8461
6363
2907
6851
4930
4686
604
3816
9197
5926
5259
7865
432
7063
1665
3255
4451
2611
1141
8933
3519
2848
4300
3116
8748
4645
524
3725
101
9294
1948
806
7301
2415
3818
4110
5168
1524
4760
2826
9824
8007
4819
2770
9339
8891
4802
8398
3005
6694
600
8201
39
4075
1125
6488
7428
4405
3359
7140
6260
5087
8137
1586
9415
7344
1965
1956
6599
8309
795
7305
498
5735
1134
2431
1603
1195
855
7449
2396
3960
9769
4539
6355
8867
1072
50
3190
742
3806
193
6363
1055
5572
9414
4568
3700
5209
3578
7051
3269
3594
7192
7432
410
94
165
4750
9115
7141
9213
8948
5950
8300
1407
165
4763
2720
3838
8404
9612
9853
5848
2622
7328
1793
8148
1147
911
3041
1124
2928
6151
9688
2794
997
8980
136
9271
3646
8367
3150
4974
5464
9229
4327
3816
7025
9288
9880
5200
4244
3724
6223
6718
3393
2871
1748
9841
2789
1075
2491
3061
5322
9232
8856
7045
1997
2858
8063
9594
2744
6522
7912
705
4796
6153
9836
3930
6685
6718
2526
4509
1338
4184
1896
231
2519
248
7521
4418
2521
3942
8488
5106
3981
3412
5312
9996
8709
2447
3784
2289
4400
3889
310
4264
8069
6804
4127
1146
1836
1793
2677
6599
3433
535
2990
2918
7430
2791
3005
3497
8699
3963
3103
3967
7181
5943
8148
8194
7840
9079
5783
3553
4026
7016
5260
8473
9254
2980
822
236
3810
9621
1282
3667
4565
8282
6339
5519
3216
2471
6026
4523
8336
7478
8418
3710
1341
2428
294
6429
9091
8071
1984
3853
9434
6387
142
8230
4532
2268
7283
7747
6914
637
1127
7541
179
8471
4796
9912
5467
1117
958
7277
2348
1980
2742
7526
2899
4920
9708
5296
2561
5666
6758
8954
9844
7558
6145
1749
7058
3360
5018
8356
3362
8238
746
1650
1750
7329
8764
6034
7193
5981
7836
7041
9009
1040
8574
473
8977
4287
8936
3711
3534
8860
8733
9964
7196
3780
2567
1240
980
1461
6144
9346
1428
9580
7870
8716
7123
5372
6616
1459
9103
4059
1017
1917
1221
246
8623
8443
4908
4213
5968
6430
8223
7225
3931
2470
4421
9362
3334
421
3695
6686
697
8689
4205
4459
1302
1673
4477
237
532
8255
5857
9818
8935
564
8332
8931
9805
8113
5961
4878
2647
1105
1479
6798
1458
8348
6021
1812
1057
654
1814
4447
2841
3143
1585
5726
457
5019
3641
7894
6627
2489
131
6400
6107
6665
9881
9258
828
1343
6858
29
3425
3868
2635
9614
3591
3955
5598
6478
5068
7433
9966
4236
4275
5349
7300
1179
2360
9272
5753
8670
5914
1974
777
4559
4474
9362
384
9215
5871
4088
8212
9271
7091
931
3438
8829
7597
3695
5702
4563
2411
4680
4250
7690
2892
4610
8378
3460
3624
4098
1092
7046
8733
2057
3511
7916
503
401
6854
7558
2794
6240
8987
96
1663
9530
4117
5968
1001
9027
7327
9048
6579
9393
9342
460
392
6656
6951
4269
8126
7247
2539
4388
2719
3303
6513
6890
7174
5372
1006
2660
5683
3276
6691
7836
8491
8533
9522
7402
351
8387
6318
3985
9078
327
4847
2550
1626
739
703
924
1404
9457
868
1931
9653
5460
3018
5167
5371
4486
8796
4252
1788
464
895
766
2345
1224
7308
4591
8018
4308
4839
5474
634
2686
6240
9629
6423
4784
9446
1939
3480
1518
8371
4799
4899
5890
7192
3213
1914
2851
997
9890
9289
3599
7317
5964
1663
3975
2404
163
3447
7802
686
3055
8866
9433
6822
8339
5970
1498
5743
5784
9333
2713
4299
5348
7740
6312
9565
6905
6183
2054
6509
3498
1216
5006
1448
312
6416
2630
2592
3979
4194
8184
8023
3851
5474
2254
1556
7999
9792
3494
8016
4060
6983
597
8656
6719
1349
7512
351
8743
5959
6773
6710
393
2883
4176
7339
7542
1793
186
8612
8682
7766
8275
8662
3483
1918
2912
9214
9938
9989
5720
395
7174
275
3928
9687
1123
6482
4134
9616
9578
8333
9043
2679
738
1974
4618
7827
8796
324
1365
3603
2532
6088
7870
5711
4195
9882
4947
5465
530
8901
8659
2358
4169
2219
3269
3235
7397
9398
5815
4389
3879
8077
6612
2369
9609
1071
6287
7077
1916
5231
8364
6961
8078
4283
1518
7765
8935
3067
491
617
6322
4851
4379
4291
584
3861
2047
7688
1527
6086
959
6274
8210
9067
8956
7962
3475
2944
3284
2803
7788
8692
8083
5763
6346
325
1990
878
3466
3763
6476
3840
278
2260
2405
8119
3320
868
6236
795
9151
6374
5921
587
3247
7883
8319
6950
3411
7357
6188
818
1886
4857
9711
6140
9455
760
763
5660
3618
1576
6778
2868
5410
2539
197
6694
7037
9548
1647
4767
7377
5977
2498
5876
4546
7633
2065
9607
5677
8748
8844
1958
5574
3313
9074
3856
3454
6488
417
5813
5969
8813
3881
1113
6939
301
7230
8244
2154
3041
2684
3257
8575
1268
2453
8737
8478
3138
7222
3859
1605
9183
6951
4979
4378
0
1713
6852
6765
970
2411
9899
6380
8966
4589
6610
1716
350
7205
2293
9797
7063
2359
7564
4447
3738
3055
5366
1641
5392
7410
4766
8624
4778
290
1837
4236
6699
2593
6860
9790
4706
2189
6435
198
2679
7962
275
1714
9041
6557
637
2928
6770
9988
4717
5700
4481
4371
8278
8133
7265
4537
1403
8705
6578
8513
2583
1089
2676
884
3930
3768
6868
9532
7633
2069
8693
6484
6801
2071
76
4875
4383
9024
343
2983
4655
8226
7546
8389
8951
7478
7784
2063
6478
8892
4891
567
5351
2093
9249
7872
980
5260
1315
2716
4697
2011
5922
6623
4863
377
8304
2434
5921
8809
6521
8212
1302
9614
7660
1659
7515
2306
4825
5736
636
2902
793
8632
3247
1924
6629
1687
6654
7312
1524
2512
7183
3805
4036
7215
6449
6043
1620
1399
4373
9358
6971
2735
3559
3915
1529
695
4599
4907
7209
7656
5977
1970
143
5689
5397
2601
7332
9631
907
8823
6378
3516
9319
2350
9886
1832
4428
9970
6266
1565
5041
5029
3556
6940
8293
5805
8918
93
7520
8023
9914
1587
5895
9604
3010
2062
9483
1105
5394
7450
5391
8821
2987
2613
6868
5220
8660
9790
6660
2545
8470
5993
5847
7344
6773
1647
7028
3000
6374
6930
6040
9911
2226
4174
6028
3824
8310
5722
4790
9568
5923
1614
2783
7199
3064
3007
2716
1297
5482
5734
9163
6396
2206
3070
5196
2708
4515
6540
1801
5361
6255
8809
468
7426
2644
5643
1644
4939
206
8738
2155
7850
4923
6654
94
4808
936
8093
8402
4554
2677
8802
5831
4775
5028
8465
4948
9892
5779
4583
8360
1435
8274
2791
1208
8779
8611
7359
4121
7288
1615
5721
2652
2339
9455
5629
7281
7316
8749
9012
8969
8563
1943
5783
2732
6583
172
9862
4803
1830
2663
7636
6772
2379
2838
2432
2536
533
182
2510
6714
171
5692
4772
8606
1598
5362
2833
7003
4775
2364
3111
2006
6960
5030
2905
2477
4191
2956
4288
861
3532
2053
760
5729
8035
5949
6647
3239
3605
4030
9869
9392
5449
906
8534
1572
3776
5336
1501
5344
3190
3512
4075
814
5716
3780
4445
5070
8851
9910
2819
2070
7835
3696
1493
1427
6745
4956
1280
3243
7007
7760
4462
9329
7029
4093
8820
1700
7213
901
4580
725
9908
1814
2147
819
4885
5031
1733
3412
791
6686
6932
7074
7399
6076
4992
271
1776
4118
1552
1687
7766
3617
8614
3169
7971
4264
273
9473
4569
4733
6988
8493
8309
5770
2500
7546
4853
1363
4391
6098
1360
2346
4935
1780
7235
6109
3197
6153
3373
5472
2619
5582
2496
3427
5178
8579
8535
1825
5842
4366
5687
1492
2680
1821
7262
775
3441
9591
8552
2922
7493
7581
9857
7948
2879
6386
8901
6504
9041
4132
2834
2350
2900
5334
9471
4716
3148
2187
5494
8409
4938
4945
8444
3455
2268
7336
8930
8947
4783
5725
5348
6993
21
3048
654
1400
5425
7582
1567
8832
4686
9764
4101
6307
7279
9889
5064
3583
2642
8558
4275
5783
702
9516
7516
8304
4636
8946
6757
559
2402
6322
6411
5933
4649
4183
7708
3092
6720
4942
294
3320
1977
3885
4538
3061
8610
6996
2703
1456
1310
1903
2242
9133
5362
3637
8299
909
8972
2752
4635
9874
124
7017
1650
17
5303
3295
1118
8593
6640
1412
237
710
6103
1156
8755
3717
3550
6739
1463
7668
246
8018
344
4704
3753
6414
4285
8073
8224
4613
1657
8110
9700
2917
2845
3377
513
5619
264
6742
4343
4469
9818
9069
5114
5005
7990
3130
4010
994
1781
5901
3901
8828
9543
6419
5063
12
5941
4568
2844
8934
3458
5399
4444
7068
8208
129
6301
8104
7102
9381
5415
4901
5359
1729
9832
4571
7926
7190
215
1701
8093
7409
3270
6337
3733
8731
6257
3363
2104
2143
6900
4566
3738
8003
5560
1216
446
9125
4989
3793
3333
3
8916
9080
97
9239
8787
3458
1256
5485
2092
6000
8595
1747
7559
6483
9318
7516
1963
7319
1930
752
12
7337
9670
7204
9310
711
8141
2545
2599
3506
5968
3236
9091
1570
8308
4321
7201
8599
8558
1013
2267
3703
987
2391
5459
4984
1276
6249
1448
364
3135
5473
5176
1716
2889
3598
5087
6419
6847
4874
6638
1232
9347
5931
487
2039
3803
2613
1812
8349
4046
2544
4680
9869
5336
1761
3149
7796
4013
7527
2060
4821
1610
2805
7004
1546
8023
6583
6241
2537
936
8546
8006
2350
6627
8157
5989
874
4492
7350
5282
568
443
8642
1176
664
2111
3829
971
4378
2333
6218
7181
4568
8144
1968
2204
1936
452
4641
5320
3181
3278
9855
9650
6513
5827
4973
1904
737
4825
2536
2798
3581
8730
7857
9102
7018
7204
8839
3168
9230
7326
2549
7676
3240
9478
8166
9660
7513
661
6496
9351
3107
2003
6116
8392
8764
4407
1633
1373
5055
5383
7359
6363
7247
798
7039
9727
633
6715
9260
4544
7173
1318
8589
9760
2056
3501
6251
5328
9818
7005
7402
1443
6271
1468
5925
1739
1667
7587
7802
4832
7991
1162
2735
1423
5843
8603
9488
1183
7783
6968
6087
4654
1362
5960
5606
4714
9214
2572
1075
2268
2134
8592
5473
7823
404
5837
5959
2335
8379
5068
5215
7036
9470
8757
9917
4685
2940
4469
2857
7761
4649
5102
844
3504
7882
7624
8467
4769
524
7317
819
9141
7105
7523
457
3904
7544
7674
6396
6584
2264
677
4338
7493
9785
621
4060
5225
9038
7073
9838
9145
1267
9490
1583
8425
4832
9467
8089
966
3511
2078
4302
2893
5312
6776
6071
5785
3277
3751
8426
1722
9212
2306
8120
32
330
8902
7151
5030
9310
9394
3075
4236
7001
8968
5524
7869
7048
4564
1996
4480
1939
9208
455
7209
8518
7334
2191
7263
4777
9511
9300
2601
3805
5464
7460
3329
1094
3780
8476
6346
8688
5996
2731
9374
9231
820
5695
2864
8151
5591
1039
9793
20
7594
3540
1502
4823
1070
7781
3910
5662
5215
3246
3272
4527
1833
2811
4907
9681
4091
918
4936
3414
8628
299
8450
9913
5945
565
2422
5392
7464
2343
2397
2590
4615
7689
5662
9304
9110
1916
6432
2353
5459
4396
5454
8229
5100
5745
3395
862
6910
9394
8260
6295
9388
2231
3901
1706
892
376
3219
72
6524
296
6473
9429
562
5560
5358
2092
8784
953
3812
5495
7414
5570
1916
7427
8002
4890
2492
2131
3202
4050
6866
6644
1274
9810
1218
4680
3297
126
7691
3458
4438
7413
7896
9324
32
7142
4035
1000
3347
4736
5588
978
814
4612
9463
2126
7729
7113
5899
8835
4059
2076
7990
163
5346
9793
6230
822
4444
186
9922
1922
7834
5955
1951
9097
4949
8072
6271
7935
6512
4356
7828
6167
8413
7399
9539
7305
5115
6850
7603
9905
7725
8866
484
4583
806
9399
8732
4535
7809
8976
5612
1229
4413
5765
6242
4127
917
8225
7032
4454
829
3546
7049
1945
2664
3934
6532
3176
7719
7035
4889
3171
6268
3082
6544
3349
6172
1257
6057
5536
6483
581
1470
1798
7490
161
1956
7617
4259
6053
8624
2864
9805
3509
2535
3614
7587
4636
3838
8144
8582
2630
6832
9499
203
2135
5710
4128
6999
2699
8400
2198
7655
5355
1514
8658
5261
745
6810
9476
9684
7784
6253
7409
4932
2074
9313
2329
5777
2551
3029
2085
4158
1304
797
9103
1007
3325
7426
9949
7532
4881
6918
1883
6785
2648
5509
7780
3906
4865
4327
2989
1340
5198
3042
8302
8231
1949
348
1485
1559
9395
6189
1257
8050
5764
4547
5857
764
1761
9520
7871
5134
2734
9934
3620
597
5695
3363
752
6358
2814
6815
4750
9087
4492
7426
298
2265
5058
7755
2016
5754
8338
2299
7187
262
4175
2711
9318
9574
3925
5244
2170
8641
1095
29
7637
3542
2275
3545
4891
7612
3204
7256
5228
9920
4660
3539
6010
6878
1388
275
9924
2811
5225
6785
5412
4975
7645
6973
9090
3744
8975
826
7635
7865
719
